   3.2467644777231626E-005  -4.2715508979413649E-005   5.9026543513268375E-005  -1.0421010581784912E-003  -1.4250004037985936E-003   8.7417466196122197E-004   2.1980551852774890E-002
   2.8535645182302945E-005   6.6501481870457420E-006  -1.9326479707727271E-004   1.5537303957442151E-003   1.1886929441889580E-003   4.9659457461363851E-004   1.6968998590425576E-002
  -1.6561848390943544E-004   9.9516573505647175E-005   3.1165473059342492E-004  -8.7746906944286386E-004   3.2004520125993247E-003  -1.2270035367170960E-004   4.0117843744178049E-003
   1.8032040947644167E-004   1.9541483812960647E-004  -4.3048375035761589E-004  -4.5732710735580295E-004   9.7580036524408029E-004  -5.8377544122411563E-005   6.1645481934302269E-004
   1.4737918055157722E-004   2.7640492207864288E-004  -6.7794790538357804E-004  -1.7425126242001052E-004   4.4936629204312938E-005  -2.0701426485267828E-005  -4.9918779356879824E-004
   1.0886223860725897E-004   2.7144572339176542E-004  -6.2435038297049621E-004  -1.8998703851191124E-004   1.2544785920827286E-004  -2.3890633643966551E-005  -4.0719194898985675E-004
   9.6608785220634520E-005   2.8726753844271512E-004  -6.6347022853407544E-004  -1.3838929970708897E-004  -1.2342424078650112E-005  -1.3507622824821075E-005  -4.3568799284059552E-004
  -7.9483665275438293E-005   8.1777210631639395E-005   4.5142855815227458E-005  -5.1101816206640296E-004  -8.5981131489418065E-004  -1.2850999137783241E-003   1.1050163318271432E-002
  -2.0261498884551431E-006   3.6771663642544365E-005  -8.9903507877366068E-005   7.8516541927152873E-004   4.7286435609508303E-004  -1.2369343372989425E-003   8.5360153772297224E-003
   1.1746311738401653E-004  -2.1955106450757559E-004   9.8411494580176323E-005  -4.5479691536566341E-004   1.5634191149574619E-003  -7.4693107861559564E-004   2.0292006575986935E-003
   1.8376604552571487E-004  -3.2083865363519875E-004  -3.5529311893262039E-004  -2.5652909561150794E-004   4.9736203532519492E-004  -1.7057769411326534E-004   3.1264085027129141E-004
  -1.0901890378104126E-004  -6.3053796134984090E-005  -4.5802239223417557E-004  -1.0063936730518729E-004   2.5895842498733198E-005  -3.0032437449857950E-005  -2.4900083186062642E-004
  -1.8825070390520132E-004  -4.6969835437795738E-006  -4.2055190706854004E-004  -1.0508365233916325E-004   7.1404739529282995E-005   7.6634576274292159E-005  -2.0665877422644622E-004
  -2.2506005092849833E-004   4.4264203250849292E-005  -4.3096914344941778E-004  -7.6470237502865510E-005  -3.7952979997432524E-007   7.1931059962606115E-005  -2.2051046543770478E-004
  -1.9143497532810453E-004   2.0626993024268938E-004   3.1259168117192456E-005   2.0064734045631888E-005  -2.9462222598978279E-004  -3.4443744895178660E-003   1.1977478376796844E-004
  -3.2587944959216180E-005   6.6893179098045501E-005   1.3457781322539780E-005   1.6600442798845832E-005  -2.4296423199879008E-004  -2.9704632492115243E-003   1.0303216403387139E-004
   4.0054471867746944E-004  -5.3861870252079841E-004  -1.1483174143307477E-004  -3.2124761288454246E-005  -7.3613782684399430E-005  -1.3711618035594810E-003   4.6616940779582677E-005
   1.8721168157498770E-004  -8.3709214540000465E-004  -2.8010248750762466E-004  -5.5731083867212036E-005   1.8923705406309331E-005  -2.8277784410411815E-004   8.8268811995602405E-006
  -3.6541698811365999E-004  -4.0251251434861220E-004  -2.3809687908477213E-004  -2.7027472190361953E-005   6.8550557931519610E-006  -3.9363448414449441E-005   1.1861298475454527E-006
  -4.8536364641766201E-004  -2.8083969047932412E-004  -2.1675343116658473E-004  -2.0180266166414819E-005   1.7361619850293267E-005   1.7715978619255082E-004  -6.1255994630356716E-006
  -5.4672888707763120E-004  -1.9873913194101648E-004  -1.9846805836476014E-004  -1.4551175298642056E-005   1.1583364478701451E-005   1.5736974275003333E-004  -5.3329380348140646E-006
