   1.6175093719424032E-004  -0.0000000000000000        0.0000000000000000       -0.0000000000000000       -0.0000000000000000        0.0000000000000000       -0.0000000000000000        4.3691645780306561E-005   0.0000000000000000        0.0000000000000000       -0.0000000000000000       -0.0000000000000000        0.0000000000000000       -0.0000000000000000        1.3854769158013044E-005   0.0000000000000000       -0.0000000000000000       -0.0000000000000000        0.0000000000000000       -0.0000000000000000       -0.0000000000000000     
  -0.0000000000000000        1.0357632564409292E-004  -0.0000000000000000       -0.0000000000000000        0.0000000000000000       -0.0000000000000000        0.0000000000000000       -0.0000000000000000        3.2435244512378102E-005  -0.0000000000000000        0.0000000000000000       -0.0000000000000000        0.0000000000000000        0.0000000000000000        0.0000000000000000        3.0871896158256201E-005  -0.0000000000000000        0.0000000000000000       -0.0000000000000000        0.0000000000000000        0.0000000000000000     
   0.0000000000000000       -0.0000000000000000        1.4139105980532878E-004  -0.0000000000000000        0.0000000000000000       -0.0000000000000000       -0.0000000000000000        0.0000000000000000        0.0000000000000000        5.2831771890201719E-006   0.0000000000000000       -0.0000000000000000        0.0000000000000000        0.0000000000000000        0.0000000000000000        0.0000000000000000        1.8109999481267090E-005   0.0000000000000000        0.0000000000000000       -0.0000000000000000        0.0000000000000000     
  -0.0000000000000000       -0.0000000000000000       -0.0000000000000000        4.0961998286096824E-004   0.0000000000000000        0.0000000000000000        0.0000000000000000        0.0000000000000000       -0.0000000000000000       -0.0000000000000000        3.8866173068737019E-005   0.0000000000000000       -0.0000000000000000       -0.0000000000000000       -0.0000000000000000       -0.0000000000000000        0.0000000000000000       -7.5689987902831737E-005  -0.0000000000000000       -0.0000000000000000        0.0000000000000000     
  -0.0000000000000000        0.0000000000000000        0.0000000000000000        0.0000000000000000        9.7171971166346970E-004  -0.0000000000000000        0.0000000000000000       -0.0000000000000000       -0.0000000000000000        0.0000000000000000        0.0000000000000000        5.9123684871155606E-005   0.0000000000000000       -0.0000000000000000       -0.0000000000000000       -0.0000000000000000        0.0000000000000000        0.0000000000000000        6.1976612554872959E-005  -0.0000000000000000       -0.0000000000000000     
   0.0000000000000000       -0.0000000000000000       -0.0000000000000000        0.0000000000000000       -0.0000000000000000        2.1340166647412354E-003  -0.0000000000000000       -0.0000000000000000        0.0000000000000000       -0.0000000000000000        0.0000000000000000        0.0000000000000000        1.2290657622668707E-004  -0.0000000000000000       -0.0000000000000000       -0.0000000000000000       -0.0000000000000000       -0.0000000000000000        0.0000000000000000       -6.3646902950198491E-004   0.0000000000000000     
  -0.0000000000000000        0.0000000000000000       -0.0000000000000000        0.0000000000000000        0.0000000000000000       -0.0000000000000000        4.4749208864257100E-003   0.0000000000000000        0.0000000000000000       -0.0000000000000000        0.0000000000000000        0.0000000000000000        0.0000000000000000        2.7767535640052158E-004  -0.0000000000000000        0.0000000000000000       -0.0000000000000000        0.0000000000000000        0.0000000000000000        0.0000000000000000       -8.0315241004844844E-004
   4.3691645780306561E-005  -0.0000000000000000        0.0000000000000000        0.0000000000000000       -0.0000000000000000       -0.0000000000000000        0.0000000000000000        5.6667368191007860E-004  -0.0000000000000000       -0.0000000000000000       -0.0000000000000000        0.0000000000000000        0.0000000000000000        0.0000000000000000        3.5228322652833141E-004   0.0000000000000000        0.0000000000000000       -0.0000000000000000        0.0000000000000000       -0.0000000000000000       -0.0000000000000000     
   0.0000000000000000        3.2435244512378102E-005   0.0000000000000000       -0.0000000000000000       -0.0000000000000000        0.0000000000000000        0.0000000000000000       -0.0000000000000000        2.7149251750760911E-004  -0.0000000000000000       -0.0000000000000000       -0.0000000000000000       -0.0000000000000000       -0.0000000000000000        0.0000000000000000        1.4246873128009548E-004   0.0000000000000000       -0.0000000000000000       -0.0000000000000000       -0.0000000000000000       -0.0000000000000000     
   0.0000000000000000       -0.0000000000000000        5.2831771890201719E-006  -0.0000000000000000        0.0000000000000000       -0.0000000000000000       -0.0000000000000000       -0.0000000000000000       -0.0000000000000000        2.1497140599646282E-004  -0.0000000000000000       -0.0000000000000000       -0.0000000000000000        0.0000000000000000        0.0000000000000000       -0.0000000000000000        9.7392147079119858E-005  -0.0000000000000000        0.0000000000000000       -0.0000000000000000       -0.0000000000000000     
  -0.0000000000000000        0.0000000000000000        0.0000000000000000        3.8866173068737019E-005   0.0000000000000000        0.0000000000000000        0.0000000000000000       -0.0000000000000000       -0.0000000000000000       -0.0000000000000000        5.6536915976467049E-004   0.0000000000000000       -0.0000000000000000       -0.0000000000000000       -0.0000000000000000        0.0000000000000000        0.0000000000000000        2.6607936121040979E-004  -0.0000000000000000        0.0000000000000000        0.0000000000000000     
  -0.0000000000000000       -0.0000000000000000       -0.0000000000000000        0.0000000000000000        5.9123684871155606E-005   0.0000000000000000        0.0000000000000000        0.0000000000000000       -0.0000000000000000       -0.0000000000000000        0.0000000000000000        2.0496210368228795E-003   0.0000000000000000        0.0000000000000000       -0.0000000000000000       -0.0000000000000000       -0.0000000000000000       -0.0000000000000000        8.1778530207277607E-005  -0.0000000000000000        0.0000000000000000     
   0.0000000000000000        0.0000000000000000        0.0000000000000000       -0.0000000000000000        0.0000000000000000        1.2290657622668707E-004   0.0000000000000000        0.0000000000000000       -0.0000000000000000       -0.0000000000000000       -0.0000000000000000        0.0000000000000000        4.2382977279094760E-003   0.0000000000000000       -0.0000000000000000        0.0000000000000000        0.0000000000000000        0.0000000000000000       -0.0000000000000000       -3.4574380518332033E-004   0.0000000000000000     
  -0.0000000000000000        0.0000000000000000        0.0000000000000000       -0.0000000000000000       -0.0000000000000000       -0.0000000000000000        2.7767535640052158E-004   0.0000000000000000       -0.0000000000000000        0.0000000000000000       -0.0000000000000000        0.0000000000000000        0.0000000000000000        1.0203398763370926E-002   0.0000000000000000       -0.0000000000000000        0.0000000000000000        0.0000000000000000       -0.0000000000000000        0.0000000000000000        1.4947129257878136E-003
   1.3854769158013044E-005   0.0000000000000000        0.0000000000000000       -0.0000000000000000       -0.0000000000000000       -0.0000000000000000       -0.0000000000000000        3.5228322652833141E-004   0.0000000000000000        0.0000000000000000       -0.0000000000000000       -0.0000000000000000       -0.0000000000000000        0.0000000000000000        1.4646615659972917E-002   0.0000000000000000        0.0000000000000000        0.0000000000000000        0.0000000000000000       -0.0000000000000000        0.0000000000000000     
   0.0000000000000000        3.0871896158256201E-005   0.0000000000000000       -0.0000000000000000       -0.0000000000000000       -0.0000000000000000        0.0000000000000000        0.0000000000000000        1.4246873128009548E-004  -0.0000000000000000        0.0000000000000000       -0.0000000000000000        0.0000000000000000       -0.0000000000000000        0.0000000000000000        4.0785767838271625E-003   0.0000000000000000        0.0000000000000000        0.0000000000000000        0.0000000000000000        0.0000000000000000     
  -0.0000000000000000       -0.0000000000000000        1.8109999481267090E-005   0.0000000000000000        0.0000000000000000       -0.0000000000000000       -0.0000000000000000        0.0000000000000000        0.0000000000000000        9.7392147079119858E-005   0.0000000000000000       -0.0000000000000000        0.0000000000000000        0.0000000000000000        0.0000000000000000        0.0000000000000000        2.3053470323111556E-003  -0.0000000000000000       -0.0000000000000000        0.0000000000000000        0.0000000000000000     
  -0.0000000000000000        0.0000000000000000        0.0000000000000000       -7.5689987902831737E-005   0.0000000000000000       -0.0000000000000000        0.0000000000000000       -0.0000000000000000       -0.0000000000000000       -0.0000000000000000        2.6607936121040979E-004  -0.0000000000000000        0.0000000000000000        0.0000000000000000        0.0000000000000000        0.0000000000000000       -0.0000000000000000        4.9792932552317551E-003   0.0000000000000000        0.0000000000000000        0.0000000000000000     
   0.0000000000000000       -0.0000000000000000        0.0000000000000000       -0.0000000000000000        6.1976612554872959E-005   0.0000000000000000        0.0000000000000000        0.0000000000000000       -0.0000000000000000        0.0000000000000000       -0.0000000000000000        8.1778530207277607E-005  -0.0000000000000000       -0.0000000000000000        0.0000000000000000        0.0000000000000000       -0.0000000000000000        0.0000000000000000        1.2401591845856869E-002  -0.0000000000000000        0.0000000000000000     
  -0.0000000000000000        0.0000000000000000       -0.0000000000000000       -0.0000000000000000       -0.0000000000000000       -6.3646902950198491E-004   0.0000000000000000       -0.0000000000000000       -0.0000000000000000       -0.0000000000000000        0.0000000000000000       -0.0000000000000000       -3.4574380518332033E-004   0.0000000000000000       -0.0000000000000000        0.0000000000000000        0.0000000000000000        0.0000000000000000       -0.0000000000000000        3.8326089985674577E-002  -0.0000000000000000     
  -0.0000000000000000        0.0000000000000000        0.0000000000000000        0.0000000000000000       -0.0000000000000000        0.0000000000000000       -8.0315241004844844E-004  -0.0000000000000000       -0.0000000000000000       -0.0000000000000000        0.0000000000000000        0.0000000000000000        0.0000000000000000        1.4947129257878136E-003   0.0000000000000000        0.0000000000000000        0.0000000000000000        0.0000000000000000        0.0000000000000000       -0.0000000000000000       0.10464258080971207     
